620572 
667503 
726983 
735065 
752776 
779389 
789855 
807642 
855600 
859503 
861014 
873514 
880940 
901357 
920683 
947825 
970090 
1006962 
1036525 
1048055 
1060374 
1072720 
1073025 
1083688 
1104506 
1114553 
1118027 
1135528 
1175148 
1188306 
1202312 
1219596 
1229275 
1230794 
1260989 
1352301 
1358911 
1390067 
1394266 
1396206 
1401456 
1403792 
1408761 
1411684 
1412143 
1428134 
1430296 
1436942 
1450853 
1459850 
1472915 
1502410 
1515916 
1530615 
1533673 
1540340 
1566498 
1601737 
1620935 
1636166 
1640466 
1643159 
1647806 
1655512 
1657182 
1668566 
1668693 
1671435 
1693691 
1714704 
1739046 
1764132 
1803500 
1813735 
1820521 
1858147 
1868794 
1892269 
1910428 
1933804 
1973285 
1987534 
1988926 
2009495 
2010381 
2012361 
2020715 
2030719 
2042705 
2047936 
2062761 
2073110 
2079319 
2104741 
2109231 
2114741 
2119440 
2130214 
2178669 
2192592 
2197714 
2236221 
2237887 
2238801 
2238873 
2243462 
2244799 
2254238 
2273391 
2291721 
2310340 
2317941 
2341354 
2358009 
2374542 
2377305 
2383304 
2389345 
2391205 
2391592 
2426126 
2444818 
2459568 
2467385 
2482269 
2486037 
2496405 
2505106 
2507640 
2550142 
2568589 
2604161 
2614617 
2627617 
2643396 
2683918 
2686150 
2705122 
2714999 
2730635 
2732918 
2767089 
2803978 
2818850 
2830473 
2857129 
2859430 
2896306 
2900228 
2908447 
2923344 
2972327 
2982451 
3037856 
3044422 
3056404 
3066349 
3069551 
3070716 
3088431 
3093619 
3094949 
3109337 
3129659 
3166541 
3177848 
3178684 
3180593 
3189618 
3239323 
3265262 
3307082 
3316524 
3328692 
3371529 
3397543 
3402156 
3410472 
3411065 
3420876 
3428304 
3441487 
3472831 
3492024 
3510429 
3510603 
3521223 
3531181 
3532049 
3534651 
3536800 
3550295 
3573860 
3579028 
3583063 
3599479 
3622455 
3633172 
3649789 
3659939 
3668076 
3680810 
3695119 
3698116 
3709608 
3718453 
3718453 
3726634 
3730957 
3756720 
3758430 
3786822 
3788877 
3827454 
3842478 
3843375 
3852402 
3943392 
3982644 
3987821 
3988862 
3995554 
4022237 
4031093 
4034281 
4037976 
4043650 
4047834 
4062323 
4133473 
4150039 
4169779 
4175703 
4189457 
4190680 
4200215 
4277251 
4342412 
4346045 
4382358 
4398646 
4400382 
4414306 
4421018 
4425475 
4426742 
4451819 
4488080 
4500365 
4531781 
4536816 
4546952 
4629353 
4634685 
4648277 
4671484 
4700131 
4722453 
4754974 
4759013 
4759390 
4762072 
4770818 
4777657 
4795383 
4810311 
4820806 
4827349 
4912536 
4920597 
4927445 
4934346 
4934906 
4966083 
4968708 
5041476 
5041965 
5045380 
5053964 
5073144 
5085349 
5099403 
5121392 
5132968 
5156950 
5178988 
5186052 
5230721 
5233761 
5276402 
5277629 
5285672 
5287252 
5292195 
5305147 
5308272 
5310429 
5322682 
5325091 
5336807 
5348344 
5349037 
5351913 
5381672 
5418535 
5419050 
5443233 
5466009 
5513482 
5525328 
5543867 
5547228 
5553049 
5565511 
5565511 
5573146 
5580900 
5586406 
5588104 
5589132 
5611840 
5653279 
5654196 
5657087 
5682004 
5686618 
5699745 
5702500 
5705046 
5705865 
5726295 
5753264 
5771130 
5807611 
5839853 
5854449 
5861032 
5872450 
5889245 
5904418 
5933949 
5974953 
5975251 
6013347 
6025357 
6028705 
6100610 
6106148 
6106274 
6130027 
6159261 
6191510 
6203394 
6205880 
6216141 
6217087 
6224789 
6246069 
6251253 
6256360 
6260002 
6273271 
6358711 
6368870 
6396204 
6399219 
6409287 
6413485 
6433239 
6435055 
6438207 
6455742 
6458645 
6465673 
6485360 
6502510 
6506868 
6507052 
6520295 
6532388 
6539575 
6576132 
6578826 
6595752 
6598937 
6621483 
6625440 
6639646 
6644061 
6658184 
6688734 
6690362 
6690851 
6703329 
6734717 
6737236 
6749755 
6752296 
6753309 
6760130 
6811466 
6828160 
6835665 
6838506 
6875939 
6891408 
6909890 
6911497 
6916960 
6924642 
6927819 
6942503 
6952585 
6967358 
6969299 
6979826 
6992392 
7002768 
7044236 
7081015 
7091243 
7095569 
7098158 
7110185 
7120651 
7123927 
7127119 
7157558 
7183255 
7187142 
7217201 
7225246 
7239799 
7278114 
7281691 
7282720 
7299983 
7307076 
7316718 
7321723 
7334600 
7339805 
7373805 
7385768 
7389232 
7392865 
7398226 
7405559 
7420326 
7456233 
7461924 
7469070 
7488990 
7511104 
7521083 
7542333 
7549034 
7569630 
7580052 
7586024 
7588068 
7591533 
7612697 
7639759 
7652178 
7663826 
7680682 
7710439 
7710439 
7759133 
7767870 
7780391 
7805741 
7815145 
7816772 
7834902 
7851323 
7858969 
7859154 
7863533 
7869303 
7879975 
7888241 
7905254 
7906161 
7911205 
7913253 
7917557 
7936902 
7942059 
7946605 
7949943 
7950381 
7962962 
7986854 
8006139 
8017770 
8021787 
8044534 
8054878 
8061321 
8089728 
8090530 
8110948 
8121341 
8130543 
8147713 
8157099 
8159736 
8171948 
8173312 
8196030 
8228867 
8237128 
8241161 
8258956 
8259466 
8265452 
8290261 
8291441 
8302243 
8306427 
8315416 
8318426 
8344850 
8359168 
8373713 
8374572 
8386854 
8411974 
8420140 
8421134 
8448748 
8487694 
8488136 
8488940 
8490334 
8490731 
8546940 
8560197 
8569411 
8573180 
8594144 
8600711 
8611699 
8622978 
8671821 
8676903 
8682964 
8683824 
8697323 
8712269 
8712592 
8715970 
8737123 
8740190 
8759615 
8768835 
8769500 
8770628 
8779483 
8779585 
8786440 
8819770 
8822140 
8827093 
8836274 
8879541 
8911497 
8923287 
8933297 
8966723 
8986833 
8993421 
8995934 
8999281 
9001318 
9025653 
9041730 
9081144 
9111052 
9117279 
9125436 
9166248 
9183993 
9202543 
9243813 
9289181 
9300695 
9338992 
9352987 
9435546 
9439316 
9451840 
9453832 
9462343 
9486168 
9517533 
9521270 
9549124 
9576018 
9588102 
9616559 
9636885 
9666102 
9673598 
9689944 
9725401 
9759429 
9760984 
9796631 
9798409 
9799655 
9817059 
9858902 
9860012 
9862420 
9874553 
9908180 
9910033 
9923966 
9934241 
9947124 
9949135 
9967158 
9974151 
9989851 
10004913 
10009570 
10018188 
10021683 
10021769 
10031019 
10072009 
10099735 
10104179 
10114528 
10115885 
10126662 
10152704 
10192376 
10222224 
10233714 
10239041 
10252791 
10279367 
10314314 
10364153 
10370046 
10372952 
10379406 
10419476 
10430551 
10432541 
10435581 
10452585 
10453764 
10465661 
10467817 
10484387 
10493322 
10509819 
10554936 
10615550 
10616741 
10634481 
10634919 
10651713 
10653832 
10655048 
10661437 
10667625 
10669204 
10674283 
10690416 
10712944 
10721554 
10721554 
10723947 
10726543 
10738695 
10763479 
10779620 
10792797 
10808065 
10820347 
10837153 
10847639 
10848404 
10870604 
10883517 
10884481 
10885549 
10897366 
10902497 
10909553 
10925060 
10930889 
10947709 
11021663 
11027538 
11071556 
11076657 
11078021 
11100973 
11112282 
11122038 
11132183 
11136857 
11148090 
11154285 
11154320 
11165019 
11170176 
11219739 
11228946 
11238261 
11241673 
11274267 
11275001 
11276673 
11279994 
11297902 
11319987 
11350942 
11373348 
11380284 
11385517 
11427521 
11428477 
11432325 
11449096 
11458666 
11459669 
11474614 
11477146 
11477765 
11496009 
11496621 
11499586 
11510096 
11567542 
11592207 
11597504 
11597547 
11610548 
11615233 
11632676 
11651372 
11662830 
11668583 
11690276 
11741309 
11743881 
11746129 
11757556 
11779667 
11792774 
11804269 
11822027 
11823467 
11824465 
11828257 
11833979 
11852319 
11867049 
11867193 
11916832 
11945056 
11958463 
12045265 
12086441 
12094506 
12102691 
12143253 
12207721 
12236798 
12257539 
12292331 
12311873 
12323234 
12331167 
12341946 
12397169 
12407663 
12416540 
12429602 
12433615 
12463457 
12465441 
12468359 
12508267 
12516668 
12563775 
12580914 
12581277 
12588129 
12592275 
12605444 
12639544 
12662312 
12694398 
12733332 
12749886 
12768550 
12788945 
12799715 
12818482 
12823863 
12829821 
12837314 
12856718 
12906941 
12913598 
12963758 
12972770 
12984871 
13037938 
13053532 
13114015 
13117897 
13136895 
13139932 
13150143 
13160545 
13179125 
13187448 
13224142 
13249103 
13270799 
13271553 
13277762 
13285136 
13298765 
13307307 
13337527 
13347055 
13381541 
13381795 
13382420 
13397864 
13464196 
13478144 
13490341 
13490924 
13515641 
13532818 
13533740 
13560138 
13568537 
13588626 
13592399 
13615256 
13626429 
13636858 
13639887 
13648477 
13664427 
13671190 
13686081 
13687105 
13689024 
13751964 
13752768 
13788589 
13815632 
13841558 
13866623 
13870842 
13873836 
13896530 
13910194 
13947361 
13949943 
13959164 
13969544 
13984846 
13986733 
13987634 
13992365 
14056412 
14086530 
14107243 
14117123 
14117292 
14123960 
14161941 
14219204 
14224793 
14229252 
14231491 
14234964 
14234964 
14236182 
14253812 
14284839 
14288172 
14295235 
14317404 
14345949 
14346135 
14384898 
14396671 
14403305 
14445823 
14458013 
14463161 
14468047 
14506213 
14517976 
14524437 
14526867 
14531657 
14534786 
14569170 
14587169 
14590813 
14617023 
14635610 
14636578 
14679978 
14682653 
14692574 
14725950 
14752446 
14818403 
14830071 
14831677 
14869811 
14909366 
14937152 
14966667 
14981605 
14986870 
14988358 
14992767 
15046334 
15062137 
15066639 
15071475 
15073135 
15126080 
15129615 
15152930 
15157281 
15197695 
15246072 
15269208 
15286067 
15300838 
15315426 
15365905 
15369733 
15369822 
15386874 
15394739 
15402570 
15403670 
15464227 
15487193 
15501748 
15503094 
15534582 
15538357 
15543649 
15559724 
15566667 
15573214 
15573623 
15576778 
15576802 
15584541 
15600870 
15638758 
15644652 
15699478 
15733980 
15742634 
15754033 
15759549 
15773766 
15802878 
15815212 
15815462 
15855201 
15862147 
15867902 
15869426 
15900300 
15930936 
15931315 
15931315 
15936564 
15939697 
15958763 
15983633 
15989040 
15990464 
16015075 
16015818 
16077926 
16086037 
16097596 
16154635 
16166688 
16205046 
16207397 
16232216 
16245471 
16291097 
16293029 
16303169 
16345266 
16360441 
16366680 
16406126 
16431851 
16433822 
16444866 
16445999 
16479739 
16513613 
16538208 
16539362 
16563074 
16568329 
16605850 
16606381 
16628338 
16637870 
16664629 
16677349 
16678668 
16719920 
16720548 
16722869 
16729219 
16741091 
16743145 
16747033 
16787261 
16835908 
16841240 
16860628 
16865497 
16901921 
16922722 
16926334 
16930400 
16981399 
17000980 
17045221 
17088894 
17113301 
17151574 
17153066 
17167111 
17185472 
17209946 
17227287 
17233303 
17236013 
17245979 
17252801 
17254098 
17314573 
17323725 
17328523 
17388223 
17395894 
17426769 
17474279 
17516474 
17518789 
17529678 
17550156 
17550536 
17596798 
17611072 
17624839 
17634287 
17663690 
17679876 
17703287 
17754466 
17756831 
17757739 
17801478 
17808824 
17812072 
17839228 
17842178 
17856701 
17863239 
17867793 
17920489 
17931984 
17940536 
17956966 
17961171 
17973353 
17997717 
18001507 
18003804 
18013467 
18046188 
18076650 
18081290 
18093433 
18157401 
18206540 
18208632 
18234083 
18249988 
18256469 
18280164 
18294511 
18299074 
18299673 
18317364 
18363594 
18365292 
18367250 
18373531 
18383152 
18472509 
18493434 
18509311 
18567932 
18613594 
18620952 
18622457 
18627677 
18675397 
18712269 
18715723 
18723358 
18733148 
18736716 
18751418 
18760044 
18777704 
18790060 
18795025 
18805053 
18805757 
18814371 
18823280 
18845840 
18850204 
18884904 
18908535 
18920001 
18936162 
18962166 
18985965 
18989260 
19029079 
19037347 
19044388 
19054281 
19059705 
19099234 
19107425 
19108208 
19114588 
19118421 
19133715 
19151684 
19173798 
19176962 
19198714 
19203457 
19224189 
19233601 
19244300 
19252455 
19268137 
19275460 
19322514 
19367032 
19401172 
19450160 
19461326 
19477070 
19521849 
19521859 
19565957 
19567117 
19579781 
19593146 
19596661 
19597653 
19607679 
19642102 
19656109 
19678245 
19711657 
19718243 
19725862 
19738223 
19738561 
19805839 
19806106 
19821313 
19823179 
19832937 
19842166 
19879510 
19879789 
19938210 
20007925 
20030735 
20039362 
20054479 
20055890 
20056683 
20065970 
20066065 
20066321 
20106701 
20111876 
20114480 
20160348 
20178288 
20188702 
20195677 
20211654 
20221822 
20245619 
20251045 
20266516 
20279899 
20281321 
20290045 
20319019 
20329155 
20348198 
20350231 
20367223 
20385116 
20400143 
20433846 
20446904 
20457912 
20462853 
20468654 
20505638 
20559531 
20565348 
20567001 
20589207 
20601812 
20610519 
20615095 
20616795 
20622030 
20623573 
20624139 
20627299 
20685881 
20759793 
20793693 
20849624 
20858135 
20859123 
20868222 
20911567 
20959044 
21049163 
21058115 
21073258 
21115796 
21169992 
21171357 
21177224 
21191487 
21213250 
21252974 
21259405 
21273034 
21280986 
21329020 
21333668 
21336647 
21349765 
21374900 
21392712 
21405450 
21407561 
21410204 
21429185 
21440982 
21475769 
21479863 
21484770 
21491941 
21503692 
21513737 
21544344 
21547408 
21580695 
21598502 
21624763 
21636934 
21643947 
21667018 
21680625 
21696614 
21698698 
21711288 
21753536 
21773549 
21789298 
21816429 
21826202 
21830467 
21836385 
21836521 
21838260 
21841841 
21853743 
21855387 
21869033 
21893575 
21965436 
21970485 
22010636 
22011792 
22014984 
22048772 
22068045 
22071040 
22071826 
22072481 
22096996 
22107593 
22115504 
22130127 
22143280 
22169608 
22182311 
22213151 
22232538 
22247706 
22269028 
22301393 
22304777 
22327785 
22342435 
22397050 
22427399 
22443396 
22451709 
22498413 
22527476 
22534546 
22538065 
22547240 
22580551 
22586779 
22587032 
22587843 
22594230 
22597412 
22603622 
22656927 
22659147 
22680977 
22764108 
22804113 
22823853 
22834568 
22844742 
22851330 
22867293 
22886191 
22904321 
22927341 
22931278 
22937813 
23016548 
23027896 
23046701 
23050062 
23059875 
23064612 
23065773 
23070349 
23076359 
23086650 
23107092 
23110927 
23165920 
23171844 
23174352 
23186884 
23203054 
23278107 
23286432 
23324033 
23344032 
23362571 
23422766 
23445281 
23450007 
23460111 
23501585 
23501785 
23509374 
23513886 
23518547 
23567237 
23575276 
23577987 
23582550 
23625959 
23663999 
23666411 
23676500 
23734874 
23765286 
23818360 
23820747 
23856627 
23881882 
23885678 
23888342 
23958829 
23975304 
24003497 
24005093 
24039703 
24040263 
24080677 
24084487 
24085166 
24089844 
24120686 
24124016 
24134079 
24147386 
24158672 
24167425 
24256221 
24281221 
24387313 
24388619 
24405747 
24411175 
24480365 
24489525 
24491499 
24508729 
24512120 
24516029 
24522077 
24541293 
24548322 
24558476 
24579804 
24617132 
24624337 
24634485 
24641722 
24656757 
24677022 
24690770 
24691354 
24712264 
24714555 
24728319 
24729142 
24731786 
24750069 
24762000 
24831703 
24868141 
24871942 
24886920 
24888349 
24895340 
24899199 
24908045 
24908655 
24955233 
24970847 
24979990 
25007545 
25046388 
25066784 
25117052 
25141527 
25173062 
25178818 
25181649 
25213348 
25229619 
25252203 
25253040 
25318332 
25327373 
25349612 
25365084 
25414629 
25427770 
25428209 
25433466 
25435658 
25457995 
25480600 
25487062 
25492864 
25498053 
25513362 
25525424 
25537569 
25544220 
25546652 
25564051 
25567344 
25606599 
25659226 
25675410 
25694133 
25705562 
25708433 
25714932 
25716898 
25770952 
25807143 
25824954 
25850621 
25896524 
25938062 
25940618 
25943125 
25948717 
25958500 
25991386 
26002440 
26020749 
26030997 
26034997 
26073912 
26140759 
26165179 
26276843 
26280754 
26294231 
26304959 
26306207 
26344413 
26348299 
26375634 
26388821 
26408721 
26421358 
26421865 
26453803 
26466659 
26534062 
26550424 
26614966 
26628889 
26643063 
26652323 
26661641 
26700072 
26736780 
26747558 
26796568 
26804136 
26818552 
26867475 
26875720 
26897309 
26906944 
26911048 
26932571 
26939769 
26940830 
26973104 
26985319 
26993180 
27037025 
27044975 
27077769 
27164313 
27177178 
27186018 
27212936 
27260043 
27277627 
27294024 
27325311 
27327748 
27392015 
27416627 
27422203 
27537766 
27551397 
27556794 
27623274 
27649765 
27651600 
27660357 
27663037 
27670822 
27696370 
27727707 
27744395 
27762893 
27811871 
27816260 
27824140 
27825438 
27858919 
27880787 
27888853 
27925319 
27935887 
27950291 
27953879 
27964029 
27983250 
28018861 
28030572 
28038980 
28070324 
28074177 
28077595 
28102364 
28117463 
28122461 
28135371 
28218081 
28233995 
28247472 
28278728 
28286061 
28306216 
28321254 
28404607 
28476001 
28477324 
28486036 
28500592 
28556348 
28557167 
28563772 
28568592 
28596466 
28674008 
28675500 
28677640 
28768170 
28843203 
28848353 
28892661 
28956761 
29016454 
29040216 
29053863 
29076657 
29091756 
29094485 
29095641 
29144566 
29179916 
29230320 
29236378 
29237853 
29256698 
29260582 
29324679 
29344055 
29365845 
29373252 
29379471 
29417420 
29449240 
29548358 
29548686 
29557381 
29566281 
29567484 
29568933 
29629497 
29630055 
29655600 
29664649 
29682416 
29698858 
29711002 
29731296 
29782437 
29809562 
29882110 
29883694 
29897531 
29944698 
29951423 
29967212 
30010325 
30025958 
30031704 
30048970 
30060711 
30107540 
30125121 
30138168 
30141767 
30170014 
30190324 
30191696 
30214155 
30237697 
30243801 
30254952 
30258625 
30313942 
30328874 
30331840 
30345180 
30348254 
30356939 
30365449 
30394606 
30409748 
30440236 
30477618 
30527355 
30534631 
30536210 
30551519 
30576081 
30590898 
30628860 
30640970 
30643476 
30689422 
30716598 
30718603 
30753876 
30763504 
30765372 
30791577 
30796332 
30804501 
30813463 
30836964 
30873017 
30889309 
30930904 
30985011 
31075815 
31083931 
31210686 
31286725 
31305137 
31323390 
31330508 
31336282 
31379479 
31477635 
31478496 
31479287 
31502927 
31536375 
31539622 
31585567 
31600198 
31601015 
31601204 
31614202 
31646459 
31682428 
31706216 
31740558 
31757231 
31758607 
31774860 
31791755 
31823444 
31838621 
31841391 
31842269 
31887395 
31929125 
31929657 
31930389 
31956874 
31980635 
31993841 
32010528 
32012033 
32018535 
32038849 
32041334 
32079829 
32142258 
32160022 
32167978 
32170621 
32180712 
32211919 
32221924 
32224559 
32226307 
32233174 
32275184 
32283024 
32286230 
32290487 
32292294 
32304351 
32304881 
32311133 
32333145 
32339439 
32380532 
32390963 
32405364 
32448552 
32573966 
32620433 
32650553 
32654601 
32659050 
32673935 
32688388 
32691268 
32724278 
32740782 
32770643 
32776973 
32789481 
32796358 
32802635 
32806143 
32835133 
32862219 
32873068 
32892310 
32902090 
32936281 
32936892 
32982101 
32996194 
33035116 
33046904 
33087954 
33118295 
33124669 
33129538 
33160846 
33178540 
33180705 
33213545 
33220990 
33260546 
33270624 
33285140 
33287689 
33296930 
33310479 
33317724 
33351245 
33393446 
33396875 
33405260 
33406058 
33445508 
33455107 
33495656 
33513185 
33585893 
33636292 
33638320 
33743364 
33782686 
33809584 
33842993 
33867091 
33888389 
33895645 
33930297 
33966529 
33983433 
33985915 
33990934 
33998509 
34048731 
34049738 
34088752 
34118974 
34145037 
34152059 
34217960 
34242206 
34266560 
34275176 
34314845 
34324576 
34331892 
34340331 
34359236 
34361581 
34363842 
34395462 
34433807 
34434424 
34434763 
34479231 
34494355 
34557737 
34573782 
34678081 
34738659 
34757584 
34803435 
34861597 
34937435 
34954544 
34998502 
35003165 
35022751 
35060069 
35112974 
35166349 
35176177 
35193379 
35198384 
35229447 
35291733 
35309287 
35316021 
35345724 
35363657 
35416988 
35457088 
35467486 
35482446 
35482496 
35487981 
35534211 
35551567 
35551570 
35551637 
35552928 
35563166 
35606076 
35646685 
35687960 
35700114 
35735648 
35746831 
35754643 
35758565 
35803567 
35803620 
35814137 
35819733 
35859736 
35879317 
35904856 
35913256 
35932910 
35955916 
35958465 
35962175 
35968761 
36013147 
36016369 
36044334 
36048301 
36058552 
36087080 
36102515 
36117660 
36132360 
36149392 
36167103 
36170412 
36181724 
36264011 
36305291 
36316283 
36323488 
36333748 
36400911 
36423475 
36429417 
36429577 
36452814 
36488507 
36559788 
36566254 
36581929 
36593890 
36600335 
36610139 
36636825 
36694408 
36699342 
36716194 
36730334 
36773502 
36820916 
36837548 
36861199 
36865117 
36865623 
36866081 
36880243 
36953501 
37018202 
37038685 
37079325 
37147281 
37149086 
37152489 
37152714 
37231197 
37235181 
37235288 
37242281 
37322581 
37330075 
37390030 
37414838 
37431660 
37444726 
37460639 
37538082 
37543038 
37577834 
37614811 
37618969 
37661738 
37677806 
37679237 
37707935 
37727441 
37727961 
37734287 
37736812 
37742644 
37857918 
37863017 
37870856 
37906675 
37919855 
37979057 
38060326 
38144575 
38165160 
38193437 
38194536 
38266626 
38286285 
38287976 
38306684 
38315288 
38394719 
38422354 
38441328 
38454846 
38466686 
38576358 
38580953 
38594670 
38605324 
38652832 
38677985 
38718484 
38770402 
38779163 
38799622 
38821094 
38827480 
38832098 
38839447 
38841758 
38887169 
38900356 
38912031 
38956497 
38965642 
39010969 
39035897 
39037870 
39070914 
39127445 
39138578 
39149101 
39184895 
39203258 
39236779 
39238869 
39242823 
39248082 
39285145 
39303377 
39318243 
39328873 
39329580 
39342103 
39354167 
39361715 
39376381 
39377126 
39381112 
39387309 
39411332 
39448704 
39452245 
39460049 
39482029 
39510491 
39560950 
39563101 
39582858 
39602398 
39614541 
39618193 
39626643 
39634473 
39638179 
39648014 
39653309 
39679142 
39705299 
39776158 
39814505 
39827145 
39885630 
39917683 
39962326 
40031998 
40048972 
40067649 
40172679 
40192088 
40216185 
40240250 
40265589 
40266358 
40307418 
40324860 
40346142 
40389060 
40395996 
40421485 
40475287 
40495444 
40548569 
40707046 
40712955 
40753388 
40818977 
40846286 
40895834 
40898337 
40912925 
40986221 
41112610 
41116850 
41127304 
41190329 
41211414 
41219797 
41227894 
41243477 
41247734 
41255692 
41266250 
41308028 
41381384 
41387417 
41431476 
41469312 
41502419 
41540217 
41581829 
41592806 
41603281 
41623739 
41636478 
41699677 
41854222 
41874719 
41921234 
41974805 
41979587 
42005603 
42005794 
42014728 
42046460 
42057203 
42086001 
42114682 
42115532 
42195998 
42235326 
42280318 
42311234 
42337110 
42338299 
42360537 
42416448 
42421603 
42428647 
42429688 
42514790 
42524989 
42557868 
42568345 
42590940 
42668094 
42723346 
42741091 
42741533 
42751224 
42757377 
42783529 
42787364 
42812688 
42816021 
42831583 
42901874 
42913244 
42945442 
42965865 
43016412 
43026381 
43028663 
43055991 
43145253 
43186051 
43194452 
43226830 
43263818 
43302582 
43323200 
43345451 
43353541 
43373474 
43412714 
43412771 
43433540 
43468702 
43479331 
43499509 
43516093 
43601939 
43668011 
43673396 
43674290 
43784372 
43866513 
43923027 
43925853 
43930778 
43956899 
43959066 
43983086 
43995540 
44037649 
44052649 
44157720 
44164428 
44224490 
44309472 
44312414 
44318606 
44324048 
44369567 
44432914 
44436432 
44468663 
44478838 
44610308 
44629067 
44646627 
44656887 
44716492 
44765567 
44803213 
44806388 
44844319 
44856607 
44889332 
44896167 
44898023 
44924523 
44968302 
44988786 
44994030 
45027587 
45054510 
45101315 
45125859 
45162560 
45167804 
45186522 
45204095 
45225554 
45240848 
45248254 
45267513 
45284204 
45357058 
45374663 
45437007 
45453030 
45453128 
45469321 
45484040 
45506196 
45568547 
45586599 
45606782 
45609071 
45638430 
45645910 
45646465 
45650224 
45690629 
45693944 
45722674 
45751228 
45787143 
45789403 
45816231 
45848383 
45879701 
45914832 
45943827 
45981788 
46011960 
46046093 
46114144 
46129791 
46136623 
46231365 
46244628 
46246359 
46252731 
46272032 
46340698 
46380697 
46401542 
46431949 
46444136 
46463921 
46511040 
46520472 
46539797 
46546690 
46569530 
46646806 
46652321 
46697452 
46699187 
46742077 
46762080 
46767635 
46770144 
46798031 
46806704 
46867344 
46875868 
46890704 
46998246 
47051212 
47079305 
47140493 
47179173 
47193748 
47196128 
47201065 
47257530 
47300733 
47318100 
47321116 
47339156 
47353127 
47387070 
47492968 
47504871 
47572408 
47593876 
47643720 
47647617 
47688060 
47726442 
47755355 
47818286 
47881141 
47925352 
47947241 
48016246 
48060504 
48125511 
48128362 
48232516 
48240878 
48257080 
48266006 
48309035 
48322720 
48328269 
48502621 
48504904 
48528990 
48537321 
48569036 
48602027 
48614738 
48616828 
48635601 
48677992 
48688265 
48688790 
48695979 
48726938 
48745208 
48760815 
48784743 
48875766 
48926368 
48983970 
49024343 
49062306 
49071835 
49220345 
49294486 
49308724 
49332804 
49339192 
49342443 
49371611 
49375376 
49417707 
49465065 
49465426 
49472441 
49472866 
49478796 
49485021 
49548641 
49628583 
49632418 
49649481 
49662555 
49685601 
49776099 
49780136 
49787770 
49793899 
49809387 
49880819 
49882206 
49911993 
49930017 
49969364 
50013452 
50032808 
50060664 
50065135 
50083197 
50104692 
50150746 
50195763 
50216969 
50231957 
50251308 
50260044 
50271097 
50295546 
50329065 
50353046 
50394496 
50454275 
50476962 
50484684 
50488546 
50499631 
50516672 
50518130 
50540949 
50544133 
50582890 
50624884 
50668113 
50674617 
50681986 
50694301 
50704153 
50717694 
50753177 
50762557 
50793686 
50978968 
50983767 
50995076 
51031717 
51092934 
51132857 
51137446 
51189920 
51213790 
51241639 
51244968 
51261680 
51263640 
51280967 
51288381 
51317121 
51357827 
51451830 
51494376 
51542345 
51590425 
51590425 
51605635 
51684690 
51688849 
51704923 
51843387 
51853827 
51874268 
51880023 
51905526 
51915552 
51928672 
51930786 
52210377 
52214026 
52240141 
52313312 
52349338 
52365898 
52394407 
52394987 
52473831 
52476919 
52511510 
52512095 
52518638 
52557073 
52628211 
52650242 
52671594 
52673227 
52682730 
52733765 
52759789 
52782783 
52819457 
52923684 
52936191 
53113011 
53366520 
53392919 
53430388 
53441824 
53469853 
53505193 
53547029 
53556836 
53601175 
53617586 
53715639 
53844414 
53939084 
53999747 
54081386 
54105606 
54153488 
54200018 
54241962 
54316811 
54345474 
54427005 
54442577 
54494534 
54535391 
54560488 
54621020 
54635723 
54640168 
54644983 
54736475 
54836174 
54877745 
54948571 
55085281 
55118016 
55202627 
55206560 
55217027 
55314739 
55338343 
55421006 
55552117 
55630602 
55685617 
55688772 
55690721 
55705692 
55952123 
56106491 
56176326 
56208358 
56239360 
56362407 
56392467 
56401377 
56409676 
56467380 
56520813 
56566460 
56573703 
56575673 
56587469 
56623830 
56734916 
56772351 
56772865 
56824453 
56875049 
56885604 
56911637 
56927215 
56952275 
56954158 
57030949 
57088117 
57207220 
57250496 
57299925 
57347246 
57425417 
57444271 
57542582 
57633188 
57665768 
57755049 
57759639 
57880699 
58158005 
58220933 
58334596 
58372905 
58465871 
58477642 
58548057 
58565066 
58655772 
58791032 
58810700 
58830737 
58836317 
58877714 
58980129 
59044227 
59064754 
59066302 
59160586 
59229247 
59236346 
59255796 
59379511 
59434911 
59521267 
59613733 
59659500 
59664836 
59694225 
59751800 
59789030 
59873850 
59892171 
59922999 
59946363 
59950447 
59981837 
60007142 
60115428 
60176039 
60223894 
60238797 
60247962 
60248242 
60322431 
60335876 
60343189 
60368295 
60375821 
60396059 
60456936 
60641045 
60649993 
60698495 
60760285 
60797856 
60817556 
60826752 
61116858 
61178898 
61205759 
61231606 
61249634 
61326326 
61384679 
61419153 
61455116 
61490440 
61497457 
61500922 
61581751 
61640817 
61786845 
61845126 
61852077 
62070933 
62075864 
62080485 
62135625 
62205578 
62212445 
62257477 
62264100 
62364040 
62367644 
62449764 
62462282 
62521456 
62533656 
62634945 
62636226 
62739466 
62777610 
62865751 
63098551 
63131254 
63222139 
63249774 
63269596 
63337497 
63342503 
63349345 
63378583 
63389864 
63443960 
63457919 
63462155 
63462480 
63531289 
63562084 
63646352 
63690852 
63701599 
63727629 
63765426 
63884688 
63904745 
63959791 
63966127 
64111452 
64121251 
64122905 
64226898 
64248674 
64272071 
64300651 
64491664 
64509538 
64688839 
64727039 
64741143 
64814070 
64876681 
64916381 
64929277 
64946930 
65022984 
65054288 
65083547 
65107242 
65126199 
65138440 
65275254 
65318890 
65377591 
65427891 
65432156 
65433360 
65472944 
65496719 
65543215 
65547629 
65585274 
65634717 
65639156 
65670515 
65795186 
65826168 
65833330 
65834272 
65842887 
65942076 
66095033 
66095278 
66148542 
66160291 
66229676 
66277381 
66361303 
66491714 
66493768 
66726355 
66730492 
66776564 
66777803 
66829958 
66846449 
66879411 
66901423 
66904714 
66979289 
67001941 
67020998 
67057988 
67125101 
67221003 
67406315 
67701603 
67764131 
67767365 
67781912 
67855861 
67872486 
68020049 
68024974 
68058526 
68223075 
68255416 
68333860 
68352237 
68456485 
68498963 
68744402 
68818540 
68818540 
68861797 
68875539 
68877096 
68966901 
69010891 
69062283 
69097758 
69175100 
69176995 
69243266 
69334059 
69345846 
69347445 
69429176 
69440992 
69459049 
69559332 
69641564 
69790235 
69796177 
69914488 
69946067 
70008836 
70082560 
70116734 
70131796 
70176035 
70318050 
70397117 
70574658 
70602108 
70614750 
70717341 
70760885 
70785349 
70803620 
70842146 
70853594 
70928828 
70932186 
71211088 
71211476 
71406475 
71449000 
71476946 
71875702 
71897797 
71936434 
72003001 
72132496 
72195582 
72196530 
72211116 
72259971 
72324656 
72327413 
72482071 
72546720 
72569219 
72591320 
72645074 
72732761 
72742485 
72747086 
72774796 
72777476 
72873820 
72905826 
72975910 
73059434 
73261737 
73275324 
73367260 
73385231 
73396773 
73508411 
73596082 
73620493 
73690892 
73757735 
73817406 
73837314 
74014184 
74128614 
74192393 
74280975 
74390251 
74409387 
74419574 
74522592 
74630277 
74760818 
74761430 
74801882 
74992442 
75060053 
75157522 
75183081 
75367566 
75416190 
75545749 
75677498 
75851120 
75980411 
76035589 
76062006 
76305925 
76563806 
76736959 
76748614 
76760508 
76945068 
77188512 
77297586 
77347503 
77584050 
77611369 
77798847 
77818222 
77985403 
78164423 
78225988 
78789217 
78872417 
78910564 
79009556 
79139889 
79252734 
79691809 
79902679 
80062771 
80242914 
80417732 
80531284 
80564982 
80615913 
80734764 
81219943 
81465670 
81535081 
81537981 
81600268 
82202067 
82378916 
82426930 
82554472 
82580462 
82613887 
82814680 
83374920 
83511301 
83616993 
83856223 
84018602 
84156741 
84196771 
84521992 
84784257 
85666153 
85781737 
86115857 
86180969 
86314902 
87493913 
87571926 
87626447 
87727384 
87976889 
88259902 
89020164 
89323363 
89812709 
89886921 
89937871 
90017539 
90288473 
90538266 
90809008 
91318232 
91408477 
91511425 
91543166 
92285693 
92944280 
92984624 
93155199 
93204624 
93424485 
95191779 
95406446 
95459505 
95965845 
95973370 
97230178 
97640102 
98071293 
98737300 
98773684 
98873317 
99901299 
100526778 
102259262 
102598906 
103445941 
103851382 
106041466 
