620572 
726983 
735065 
752776 
789855 
855600 
861014 
873514 
901357 
970090 
1006962 
1048055 
1060374 
1073025 
1083688 
1135528 
1175148 
1188306 
1202312 
1229275 
1230794 
1352301 
1358911 
1403792 
1408761 
1411684 
1412143 
1428134 
1450853 
1459850 
1502410 
1515916 
1566498 
1601737 
1636166 
1640466 
1647806 
1655512 
1668566 
1668693 
1739046 
1813735 
1858147 
1868794 
1892269 
1910428 
1973285 
1987534 
1988926 
2009495 
2020715 
2030719 
2047936 
2062761 
2073110 
2079319 
2104741 
2119440 
2178669 
2197714 
2236221 
2238873 
2244799 
2254238 
2291721 
2310340 
2317941 
2358009 
2374542 
2377305 
2389345 
2391205 
2391592 
2459568 
2467385 
2482269 
2486037 
2505106 
2550142 
2568589 
2604161 
2614617 
2627617 
2686150 
2714999 
2730635 
2732918 
2767089 
2803978 
2818850 
2857129 
2896306 
2900228 
2908447 
2923344 
2972327 
2982451 
3069551 
3070716 
3093619 
3129659 
3166541 
3178684 
3180593 
3189618 
3265262 
3307082 
3371529 
3402156 
3420876 
3428304 
3492024 
3510603 
3531181 
3534651 
3536800 
3550295 
3579028 
3599479 
3622455 
3649789 
3659939 
3668076 
3680810 
3695119 
3698116 
3709608 
3718453 
3718453 
3726634 
3730957 
3758430 
3788877 
3827454 
3842478 
3843375 
3852402 
3943392 
3982644 
3988862 
3995554 
4022237 
4031093 
4043650 
4062323 
4150039 
4169779 
4175703 
4189457 
4382358 
4414306 
4421018 
4451819 
4488080 
4500365 
4531781 
4546952 
4634685 
4671484 
4700131 
4722453 
4754974 
4759013 
4759390 
4762072 
4770818 
4777657 
4795383 
4810311 
4912536 
4920597 
4927445 
4934346 
4966083 
5041476 
5041965 
5045380 
5053964 
5073144 
5085349 
5099403 
5132968 
5156950 
5178988 
5186052 
5230721 
5233761 
5277629 
5285672 
5287252 
5292195 
5308272 
5310429 
5322682 
5325091 
5336807 
5349037 
5351913 
5418535 
5443233 
5513482 
5525328 
5543867 
5547228 
5553049 
5565511 
5565511 
5573146 
5580900 
5586406 
5588104 
5589132 
5653279 
5657087 
5682004 
5686618 
5699745 
5702500 
5705865 
5726295 
5753264 
5771130 
5839853 
5889245 
5904418 
5974953 
6025357 
6028705 
6106148 
6130027 
6159261 
6191510 
6205880 
6216141 
6217087 
6224789 
6246069 
6251253 
6260002 
6368870 
6409287 
6413485 
6433239 
6435055 
6438207 
6455742 
6485360 
6502510 
6506868 
6507052 
6520295 
6532388 
6539575 
6576132 
6598937 
6625440 
6639646 
6688734 
6690362 
6690851 
6703329 
6749755 
6752296 
6753309 
6760130 
6811466 
6835665 
6875939 
6909890 
6924642 
6927819 
6942503 
6952585 
6967358 
6992392 
7044236 
7098158 
7110185 
7120651 
7123927 
7127119 
7157558 
7217201 
7239799 
7281691 
7282720 
7307076 
7321723 
7339805 
7373805 
7385768 
7389232 
7392865 
7398226 
7405559 
7420326 
7456233 
7461924 
7469070 
7511104 
7521083 
7542333 
7580052 
7586024 
7588068 
7591533 
7612697 
7639759 
7663826 
7680682 
7710439 
7710439 
7759133 
7767870 
7780391 
7805741 
7815145 
7851323 
7858969 
7859154 
7879975 
7888241 
7913253 
7917557 
7936902 
7942059 
7946605 
7949943 
7950381 
7962962 
7986854 
8006139 
8021787 
8044534 
8054878 
8061321 
8089728 
8121341 
8130543 
8147713 
8159736 
8228867 
8241161 
8259466 
8265452 
8290261 
8291441 
8306427 
8315416 
8318426 
8359168 
8373713 
8374572 
8386854 
8411974 
8420140 
8448748 
8488136 
8488940 
8490334 
8490731 
8546940 
8560197 
8569411 
8573180 
8594144 
8600711 
8611699 
8622978 
8671821 
8676903 
8682964 
8683824 
8697323 
8712592 
8715970 
8737123 
8740190 
8759615 
8768835 
8769500 
8779483 
8779585 
8786440 
8819770 
8822140 
8827093 
8879541 
8911497 
8933297 
8966723 
8986833 
8993421 
8999281 
9001318 
9041730 
9081144 
9111052 
9166248 
9243813 
9289181 
9300695 
9338992 
9352987 
9435546 
9439316 
9451840 
9453832 
9462343 
9486168 
9517533 
9521270 
9576018 
9588102 
9616559 
9636885 
9666102 
9673598 
9689944 
9725401 
9759429 
9796631 
9817059 
9858902 
9860012 
9862420 
9874553 
9908180 
9934241 
9967158 
9974151 
9989851 
10004913 
10009570 
10018188 
10031019 
10072009 
10099735 
10115885 
10192376 
10222224 
10233714 
10239041 
10252791 
10314314 
10364153 
10370046 
10372952 
10430551 
10435581 
10465661 
10467817 
10509819 
10554936 
10615550 
10616741 
10634481 
10634919 
10651713 
10661437 
10667625 
10669204 
10690416 
10712944 
10721554 
10721554 
10723947 
10726543 
10738695 
10763479 
10779620 
10792797 
10808065 
10820347 
10837153 
10847639 
10848404 
10870604 
10883517 
10885549 
10897366 
10902497 
10909553 
10925060 
11021663 
11027538 
11071556 
11076657 
11078021 
11100973 
11112282 
11132183 
11136857 
11154285 
11219739 
11274267 
11275001 
11297902 
11319987 
11350942 
11373348 
11428477 
11432325 
11449096 
11459669 
11474614 
11477146 
11496009 
11567542 
11592207 
11610548 
11615233 
11632676 
11690276 
11741309 
11743881 
11746129 
11779667 
11792774 
11822027 
11823467 
11824465 
11833979 
11916832 
11958463 
12045265 
12086441 
12094506 
12102691 
12143253 
12207721 
12257539 
12311873 
12331167 
12341946 
12433615 
12463457 
12516668 
12563775 
12588129 
12592275 
12662312 
12694398 
12749886 
12768550 
12788945 
12799715 
12823863 
12829821 
12856718 
12913598 
12963758 
12972770 
13037938 
13053532 
13117897 
13139932 
13150143 
13160545 
13271553 
13285136 
13298765 
13307307 
13337527 
13381795 
13382420 
13397864 
13464196 
13490341 
13490924 
13533740 
13560138 
13592399 
13615256 
13626429 
13648477 
13671190 
13686081 
13687105 
13689024 
13751964 
13752768 
13788589 
13815632 
13841558 
13866623 
13870842 
13896530 
13910194 
13947361 
13959164 
13969544 
13986733 
13987634 
13992365 
14056412 
14107243 
14117123 
14117292 
14229252 
14234964 
14234964 
14284839 
14288172 
14295235 
14317404 
14345949 
14445823 
14458013 
14463161 
14506213 
14517976 
14526867 
14531657 
14534786 
14587169 
14590813 
14617023 
14635610 
14679978 
14682653 
14752446 
14818403 
14831677 
14869811 
14909366 
14937152 
14986870 
14992767 
15046334 
15062137 
15073135 
15129615 
15152930 
15157281 
15197695 
15246072 
15286067 
15365905 
15369822 
15386874 
15394739 
15402570 
15403670 
15464227 
15487193 
15501748 
15538357 
15559724 
15566667 
15573214 
15573623 
15576778 
15576802 
15584541 
15600870 
15638758 
15644652 
15699478 
15733980 
15759549 
15773766 
15815462 
15869426 
15900300 
15930936 
15931315 
15939697 
15983633 
15989040 
15990464 
16077926 
16086037 
16097596 
16154635 
16166688 
16207397 
16232216 
16245471 
16291097 
16293029 
16303169 
16366680 
16431851 
16444866 
16445999 
16479739 
16513613 
16538208 
16568329 
16605850 
16606381 
16628338 
16637870 
16677349 
16678668 
16729219 
16741091 
16787261 
16865497 
16922722 
16926334 
16930400 
16981399 
17045221 
17088894 
17113301 
17151574 
17185472 
17209946 
17227287 
17236013 
17245979 
17252801 
17314573 
17328523 
17395894 
17426769 
17550156 
17596798 
17611072 
17634287 
17703287 
17754466 
17757739 
17801478 
17856701 
17920489 
17956966 
17973353 
18001507 
18003804 
18076650 
18081290 
18206540 
18208632 
18256469 
18280164 
18299074 
18317364 
18363594 
18367250 
18373531 
18383152 
18509311 
18567932 
18613594 
18620952 
18622457 
18627677 
18733148 
18760044 
18777704 
18790060 
18795025 
18823280 
18845840 
18920001 
18989260 
19029079 
19054281 
19059705 
19107425 
19114588 
19118421 
19133715 
19151684 
19198714 
19203457 
19224189 
19233601 
19244300 
19252455 
19275460 
19322514 
19367032 
19461326 
19579781 
19596661 
19656109 
19711657 
19718243 
19725862 
19821313 
19832937 
19842166 
19879789 
19938210 
20007925 
20054479 
20065970 
20066321 
20106701 
20111876 
20160348 
20195677 
20211654 
20221822 
20245619 
20279899 
20281321 
20290045 
20319019 
20348198 
20350231 
20367223 
20400143 
20446904 
20462853 
20505638 
20589207 
20616795 
20622030 
20624139 
20627299 
20685881 
20759793 
20849624 
20859123 
20959044 
21049163 
21058115 
21073258 
21171357 
21177224 
21259405 
21329020 
21333668 
21392712 
21407561 
21429185 
21440982 
21479863 
21484770 
21491941 
21503692 
21513737 
21547408 
21598502 
21624763 
21636934 
21698698 
21773549 
21816429 
21826202 
21836385 
21836521 
21841841 
21853743 
21855387 
21893575 
21965436 
21970485 
22010636 
22014984 
22068045 
22071826 
22072481 
22107593 
22130127 
22143280 
22169608 
22182311 
22269028 
22304777 
22327785 
22342435 
22397050 
22443396 
22451709 
22527476 
22538065 
22547240 
22580551 
22586779 
22587032 
22594230 
22597412 
22603622 
22656927 
22764108 
22804113 
22834568 
22844742 
22851330 
22867293 
22904321 
22927341 
22931278 
22937813 
23016548 
23046701 
23064612 
23065773 
23070349 
23086650 
23107092 
23110927 
23174352 
23186884 
23203054 
23278107 
23286432 
23324033 
23362571 
23422766 
23445281 
23450007 
23460111 
23501785 
23513886 
23567237 
23577987 
23625959 
23663999 
23734874 
23818360 
23820747 
23888342 
23958829 
23975304 
24039703 
24080677 
24085166 
24089844 
24134079 
24158672 
24281221 
24388619 
24411175 
24522077 
24579804 
24617132 
24624337 
24634485 
24641722 
24656757 
24691354 
24712264 
24728319 
24731786 
24831703 
24888349 
24895340 
24899199 
24908045 
24908655 
24955233 
24979990 
25007545 
25046388 
25117052 
25213348 
25229619 
25252203 
25253040 
25318332 
25349612 
25427770 
25433466 
25457995 
25492864 
25498053 
25513362 
25546652 
25564051 
25567344 
25708433 
25716898 
25770952 
25824954 
25850621 
25938062 
25943125 
25958500 
25991386 
26002440 
26020749 
26030997 
26034997 
26073912 
26140759 
26276843 
26304959 
26306207 
26348299 
26375634 
26388821 
26408721 
26421358 
26421865 
26453803 
26466659 
26534062 
26614966 
26643063 
26661641 
26700072 
26736780 
26818552 
26906944 
26911048 
26939769 
26940830 
26973104 
26985319 
26993180 
27044975 
27164313 
27177178 
27186018 
27212936 
27260043 
27294024 
27325311 
27392015 
27416627 
27537766 
27623274 
27649765 
27651600 
27670822 
27696370 
27727707 
27762893 
27816260 
27825438 
27880787 
27925319 
27935887 
27950291 
28018861 
28038980 
28070324 
28074177 
28102364 
28117463 
28122461 
28218081 
28233995 
28247472 
28278728 
28286061 
28306216 
28321254 
28476001 
28477324 
28486036 
28596466 
28675500 
28677640 
28768170 
28843203 
28848353 
28892661 
28956761 
29016454 
29040216 
29053863 
29094485 
29095641 
29144566 
29236378 
29237853 
29260582 
29324679 
29373252 
29379471 
29417420 
29449240 
29548686 
29567484 
29568933 
29629497 
29655600 
29664649 
29682416 
29711002 
29731296 
29782437 
29809562 
29882110 
29897531 
29951423 
29967212 
30025958 
30031704 
30048970 
30107540 
30141767 
30237697 
30243801 
30254952 
30258625 
30328874 
30331840 
30345180 
30365449 
30394606 
30440236 
30477618 
30527355 
30534631 
30551519 
30628860 
30640970 
30643476 
30753876 
30763504 
30765372 
30796332 
30813463 
30836964 
30873017 
30889309 
30930904 
30985011 
31210686 
31286725 
31305137 
31323390 
31336282 
31478496 
31479287 
31536375 
31539622 
31585567 
31600198 
31601015 
31601204 
31614202 
31646459 
31682428 
31740558 
31757231 
31774860 
31791755 
31823444 
31838621 
31842269 
31929125 
31929657 
31956874 
31993841 
32010528 
32012033 
32018535 
32167978 
32170621 
32180712 
32211919 
32226307 
32233174 
32286230 
32290487 
32292294 
32304351 
32311133 
32333145 
32339439 
32380532 
32448552 
32573966 
32620433 
32650553 
32654601 
32673935 
32688388 
32740782 
32770643 
32776973 
32789481 
32835133 
32862219 
32873068 
32902090 
32936281 
32982101 
32996194 
33035116 
33046904 
33124669 
33129538 
33180705 
33213545 
33220990 
33260546 
33287689 
33351245 
33393446 
33405260 
33406058 
33445508 
33455107 
33513185 
33585893 
33638320 
33743364 
33782686 
33809584 
33842993 
33888389 
33895645 
33990934 
33998509 
34048731 
34049738 
34088752 
34145037 
34152059 
34242206 
34314845 
34331892 
34340331 
34361581 
34395462 
34433807 
34434424 
34479231 
34494355 
34557737 
34573782 
34678081 
34738659 
34757584 
34803435 
34861597 
34937435 
34998502 
35022751 
35060069 
35112974 
35166349 
35176177 
35193379 
35198384 
35229447 
35291733 
35309287 
35316021 
35416988 
35457088 
35467486 
35487981 
35551567 
35551637 
35552928 
35563166 
35646685 
35687960 
35700114 
35735648 
35746831 
35754643 
35758565 
35803620 
35814137 
35819733 
35859736 
35879317 
35904856 
35913256 
35932910 
35955916 
35962175 
35968761 
36013147 
36044334 
36048301 
36058552 
36087080 
36117660 
36132360 
36149392 
36167103 
36170412 
36181724 
36264011 
36323488 
36333748 
36400911 
36429417 
36452814 
36488507 
36559788 
36566254 
36581929 
36593890 
36600335 
36610139 
36636825 
36694408 
36699342 
36716194 
36730334 
36773502 
36820916 
36837548 
36865117 
36865623 
36866081 
36880243 
36953501 
37018202 
37038685 
37079325 
37149086 
37152714 
37235181 
37235288 
37242281 
37390030 
37414838 
37431660 
37444726 
37460639 
37538082 
37543038 
37577834 
37614811 
37618969 
37661738 
37677806 
37679237 
37727441 
37734287 
37857918 
37870856 
37906675 
37919855 
37979057 
38060326 
38165160 
38193437 
38194536 
38266626 
38286285 
38287976 
38306684 
38394719 
38422354 
38441328 
38454846 
38466686 
38576358 
38580953 
38594670 
38605324 
38652832 
38677985 
38770402 
38779163 
38799622 
38821094 
38832098 
38839447 
38841758 
38887169 
38900356 
38912031 
38956497 
38965642 
39010969 
39037870 
39127445 
39138578 
39184895 
39203258 
39236779 
39248082 
39285145 
39303377 
39318243 
39329580 
39342103 
39354167 
39361715 
39376381 
39381112 
39387309 
39411332 
39452245 
39460049 
39482029 
39510491 
39560950 
39582858 
39602398 
39614541 
39618193 
39626643 
39634473 
39638179 
39648014 
39653309 
39679142 
39776158 
39814505 
39827145 
39917683 
39962326 
40031998 
40048972 
40067649 
40172679 
40216185 
40240250 
40266358 
40324860 
40346142 
40395996 
40548569 
40753388 
40818977 
40895834 
40986221 
41112610 
41116850 
41190329 
41211414 
41219797 
41227894 
41247734 
41266250 
41381384 
41431476 
41502419 
41540217 
41603281 
41636478 
41699677 
41874719 
41974805 
41979587 
42005603 
42005794 
42014728 
42114682 
42195998 
42280318 
42311234 
42338299 
42416448 
42421603 
42514790 
42568345 
42590940 
42668094 
42723346 
42741533 
42787364 
42812688 
42816021 
42831583 
42945442 
43026381 
43186051 
43194452 
43263818 
43323200 
43353541 
43373474 
43412714 
43412771 
43433540 
43499509 
43516093 
43668011 
43673396 
43784372 
43866513 
43923027 
43925853 
43930778 
43956899 
43959066 
43995540 
44224490 
44309472 
44312414 
44318606 
44369567 
44432914 
44436432 
44468663 
44478838 
44629067 
44656887 
44765567 
44803213 
44806388 
44844319 
44856607 
44889332 
44896167 
44898023 
44924523 
44968302 
44988786 
44994030 
45027587 
45101315 
45125859 
45162560 
45167804 
45186522 
45204095 
45225554 
45240848 
45267513 
45284204 
45374663 
45453030 
45453128 
45469321 
45484040 
45506196 
45586599 
45606782 
45609071 
45638430 
45645910 
45646465 
45650224 
45690629 
45693944 
45722674 
45751228 
45787143 
45789403 
45816231 
45848383 
45879701 
45914832 
45981788 
46046093 
46129791 
46136623 
46252731 
46272032 
46340698 
46380697 
46401542 
46444136 
46539797 
46546690 
46569530 
46646806 
46652321 
46770144 
46867344 
46875868 
46890704 
46998246 
47079305 
47179173 
47193748 
47257530 
47321116 
47387070 
47492968 
47572408 
47593876 
47688060 
47726442 
47755355 
47818286 
47881141 
47925352 
47947241 
48016246 
48125511 
48128362 
48232516 
48240878 
48257080 
48266006 
48309035 
48322720 
48328269 
48502621 
48537321 
48569036 
48614738 
48677992 
48688265 
48688790 
48726938 
48760815 
48784743 
48875766 
48926368 
48983970 
49062306 
49220345 
49308724 
49332804 
49339192 
49342443 
49465426 
49472441 
49472866 
49548641 
49632418 
49649481 
49662555 
49685601 
49776099 
49787770 
49793899 
49809387 
49880819 
49911993 
50013452 
50032808 
50060664 
50104692 
50195763 
50251308 
50271097 
50295546 
50353046 
50394496 
50484684 
50488546 
50499631 
50516672 
50544133 
50694301 
50717694 
50753177 
50762557 
50978968 
50983767 
51092934 
51189920 
51241639 
51288381 
51317121 
51494376 
51590425 
51684690 
51688849 
51704923 
51843387 
51853827 
51874268 
51880023 
51928672 
52214026 
52240141 
52313312 
52349338 
52365898 
52476919 
52511510 
52518638 
52650242 
52671594 
52673227 
52819457 
53366520 
53392919 
53547029 
53556836 
53601175 
53999747 
54081386 
54105606 
54200018 
54316811 
54427005 
54442577 
54494534 
54535391 
54635723 
54640168 
54736475 
55552117 
55630602 
55685617 
55705692 
55952123 
56208358 
56401377 
56467380 
56520813 
56573703 
56575673 
56587469 
56772351 
56911637 
57030949 
57207220 
57299925 
57347246 
57425417 
57542582 
57665768 
58158005 
58334596 
58372905 
58465871 
58791032 
58810700 
58836317 
59064754 
59160586 
59255796 
59434911 
59664836 
59694225 
59751800 
59789030 
59873850 
59922999 
60115428 
60176039 
60238797 
60248242 
60322431 
60335876 
60343189 
60375821 
60396059 
60649993 
60826752 
61178898 
61231606 
61249634 
61419153 
61455116 
61640817 
61845126 
61852077 
62075864 
62080485 
62257477 
62264100 
62364040 
62367644 
62449764 
62462282 
62739466 
62865751 
63131254 
63249774 
63269596 
63337497 
63342503 
63378583 
63389864 
63443960 
63457919 
63462155 
63462480 
63727629 
63884688 
63966127 
64121251 
64122905 
64226898 
64272071 
64688839 
64727039 
64741143 
64814070 
64876681 
64916381 
64929277 
64946930 
65083547 
65107242 
65275254 
65377591 
65433360 
65496719 
65547629 
65634717 
65833330 
65834272 
65842887 
66095033 
66095278 
66148542 
66160291 
66726355 
66777803 
66829958 
66879411 
66904714 
66979289 
67001941 
67020998 
67125101 
67764131 
67767365 
67781912 
68058526 
68223075 
68333860 
68744402 
68877096 
68966901 
69062283 
69175100 
69176995 
69243266 
69334059 
69559332 
69790235 
70008836 
70116734 
70176035 
70574658 
70602108 
70614750 
70760885 
70785349 
70803620 
70842146 
70853594 
70932186 
71211088 
71211476 
71406475 
71897797 
72132496 
72211116 
72259971 
72324656 
72482071 
72546720 
72569219 
72645074 
72742485 
72747086 
72774796 
72905826 
73385231 
73396773 
73508411 
73596082 
73837314 
74014184 
74128614 
74192393 
74280975 
74390251 
74522592 
74761430 
74992442 
75157522 
75367566 
75677498 
76035589 
76305925 
76563806 
76760508 
76945068 
77818222 
78789217 
78872417 
78910564 
79691809 
80615913 
80734764 
81537981 
82580462 
83374920 
83511301 
83856223 
84018602 
84196771 
84521992 
85781737 
86115857 
86180969 
86314902 
87493913 
87626447 
87976889 
89812709 
89937871 
90538266 
90809008 
91408477 
91511425 
93204624 
95191779 
95459505 
95965845 
98071293 
98737300 
98873317 
99901299 
100526778 
102259262 
102598906 
103445941 
103851382 
106041466 
