665680 
685210 
718460 
785530 
856791 
869801 
882392 
899848 
904843 
943753 
980732 
984346 
1046234 
1067257 
1099268 
1136759 
1198518 
1364849 
1419088 
1427155 
1437768 
1438882 
1455557 
1469204 
1490584 
1535229 
1579521 
1593961 
1596353 
1615920 
1635607 
1640678 
1673858 
1674521 
1693929 
1710498 
1743819 
1749862 
1824431 
1832071 
1876308 
1892901 
1895396 
1912645 
1913025 
1921825 
1928410 
1945742 
1951505 
1960365 
1965702 
1967457 
1982851 
2017881 
2085822 
2085823 
2096342 
2184146 
2191315 
2200322 
2200726 
2221470 
2262091 
2289287 
2306360 
2334600 
2365635 
2375499 
2418053 
2430747 
2434951 
2454147 
2462313 
2473204 
2491083 
2503119 
2508275 
2553238 
2560410 
2590217 
2596580 
2601780 
2699522 
2701096 
2714354 
2744876 
2748098 
2807484 
2943102 
3003443 
3007217 
3047684 
3067616 
3077802 
3079432 
3094084 
3104969 
3114610 
3166962 
3192695 
3203587 
3228809 
3263644 
3295824 
3353601 
3397814 
3445620 
3467044 
3511658 
3517854 
3536544 
3544555 
3547533 
3560316 
3602923 
3664879 
3670002 
3670638 
3672948 
3673925 
3698465 
3699830 
3739206 
3740594 
3744073 
3745564 
3752692 
3759307 
3768268 
3775574 
3775819 
3797121 
3797582 
3798172 
3866329 
3884027 
3923857 
3946815 
3952395 
3969621 
3977559 
3978226 
4032832 
4040274 
4079522 
4080053 
4108695 
4173029 
4174038 
4208966 
4230108 
4251760 
4260765 
4296479 
4324964 
4393813 
4402575 
4416616 
4429145 
4467172 
4494322 
4509833 
4526599 
4526861 
4527408 
4586147 
4598150 
4600656 
4626665 
4637289 
4716755 
4717920 
4738897 
4770574 
4775841 
4809091 
4837401 
4840600 
4849493 
4899404 
4922820 
4924868 
4929108 
4948383 
4954922 
4955248 
4996707 
5019030 
5075168 
5086360 
5143981 
5148808 
5186848 
5188412 
5207909 
5223653 
5274202 
5318917 
5330417 
5334794 
5340322 
5354071 
5362603 
5366550 
5368385 
5416613 
5427213 
5456028 
5473709 
5476479 
5493632 
5511723 
5527587 
5529569 
5539934 
5587317 
5617921 
5618642 
5639373 
5653209 
5688446 
5725301 
5733443 
5737902 
5767403 
5772614 
5807667 
5815122 
5863760 
5890717 
5919480 
5973645 
5986739 
5989955 
6010335 
6049373 
6051287 
6089883 
6090664 
6090664 
6107324 
6119071 
6145987 
6153738 
6157610 
6169142 
6172202 
6175606 
6195790 
6238037 
6249723 
6274005 
6274553 
6278561 
6284369 
6286535 
6368669 
6421699 
6446093 
6449151 
6484475 
6503476 
6556057 
6580562 
6586496 
6592782 
6609787 
6616605 
6627531 
6627572 
6633043 
6674392 
6689072 
6697261 
6708435 
6788635 
6833085 
6877515 
6916194 
6917545 
6929994 
6975076 
6988791 
6997738 
7047160 
7079544 
7086928 
7102055 
7102419 
7133915 
7216633 
7220003 
7285193 
7337692 
7365514 
7372945 
7376471 
7397403 
7407409 
7407759 
7448623 
7458557 
7473768 
7495488 
7511668 
7556399 
7566645 
7666058 
7690333 
7717199 
7723043 
7730228 
7731274 
7756697 
7772174 
7787634 
7797007 
7802302 
7876260 
7887299 
7940165 
7947145 
7958029 
7974903 
7979104 
7989397 
8023477 
8032116 
8068283 
8076180 
8080109 
8100034 
8174148 
8179272 
8179404 
8194039 
8194505 
8244838 
8267918 
8279082 
8295706 
8343144 
8348096 
8350968 
8354438 
8360851 
8372389 
8381512 
8422876 
8432537 
8454285 
8460971 
8497411 
8508291 
8534554 
8559417 
8580811 
8599235 
8617473 
8626195 
8637591 
8654806 
8658180 
8688588 
8745123 
8752377 
8812054 
8821357 
8827637 
8832548 
8855123 
8872790 
8875663 
8884968 
8890836 
8911991 
8916923 
8983726 
9010348 
9021999 
9030901 
9130064 
9135948 
9136907 
9140817 
9144635 
9179261 
9193334 
9211994 
9216472 
9218618 
9236328 
9257253 
9284147 
9290665 
9375291 
9385479 
9391336 
9415637 
9444596 
9446894 
9475105 
9481040 
9482970 
9484932 
9506793 
9513275 
9584380 
9609639 
9612869 
9616840 
9617694 
9624200 
9644856 
9654343 
9659353 
9669007 
9731772 
9746199 
9754799 
9755981 
9794460 
9816593 
9831094 
9832325 
9895254 
9946085 
9962152 
9975741 
9994194 
10011342 
10060314 
10065679 
10093103 
10107376 
10119939 
10150241 
10162779 
10197180 
10198863 
10216674 
10229197 
10246234 
10252067 
10257774 
10261741 
10292871 
10294086 
10297544 
10335195 
10351410 
10394631 
10400028 
10420543 
10422988 
10441829 
10461265 
10487386 
10499642 
10502541 
10503416 
10504566 
10598314 
10613952 
10620685 
10630045 
10633508 
10636710 
10659532 
10717495 
10719680 
10721750 
10725605 
10727660 
10738363 
10779654 
10797448 
10805282 
10815320 
10817788 
10826666 
10872630 
10884085 
10951216 
10958419 
10977659 
10980589 
10993201 
11013178 
11028725 
11051952 
11065090 
11082569 
11098508 
11099526 
11113245 
11214286 
11218390 
11280189 
11296574 
11357843 
11384070 
11393077 
11407056 
11428824 
11440134 
11453132 
11460461 
11462237 
11499082 
11542142 
11546061 
11563578 
11567508 
11587332 
11601999 
11611278 
11657995 
11680488 
11700916 
11731540 
11739428 
11757653 
11781657 
11809039 
11868313 
11868894 
11902775 
11922328 
11937493 
11952578 
11964563 
11968039 
11986388 
12064413 
12094028 
12110113 
12139711 
12178690 
12264552 
12285966 
12287869 
12317389 
12378604 
12380164 
12417253 
12450877 
12466589 
12498149 
12500410 
12500480 
12505837 
12512453 
12552501 
12557463 
12581949 
12583992 
12620280 
12638702 
12674810 
12675854 
12683639 
12695624 
12731534 
12732327 
12741193 
12750419 
12762388 
12785515 
12850670 
12891799 
12913071 
12920929 
12932462 
12934596 
12935477 
12960603 
12988171 
12989175 
12989313 
13032669 
13053419 
13072437 
13072759 
13099987 
13140727 
13175703 
13214678 
13227520 
13232485 
13285902 
13338096 
13347584 
13351832 
13425312 
13438171 
13441062 
13443414 
13511187 
13520325 
13536526 
13539641 
13562672 
13564193 
13603964 
13624845 
13625381 
13637522 
13662849 
13668572 
13711592 
13730751 
13761804 
13800397 
13833758 
13835263 
13839623 
13839623 
13873231 
13910140 
13911873 
13913864 
13941462 
13948495 
13965507 
13969663 
13978050 
13985057 
14006615 
14038034 
14047216 
14075718 
14088131 
14089275 
14131229 
14147204 
14156200 
14162873 
14167754 
14208379 
14213701 
14217308 
14224627 
14252844 
14281117 
14311567 
14319466 
14357094 
14374108 
14379833 
14379962 
14400859 
14413094 
14417923 
14418889 
14447954 
14485872 
14489658 
14536011 
14542192 
14550803 
14568386 
14579577 
14684238 
14724321 
14737226 
14749855 
14762867 
14775290 
14802469 
14811007 
14953936 
14996640 
15032463 
15036395 
15057322 
15057848 
15068561 
15072445 
15076752 
15121878 
15131917 
15134236 
15193925 
15199068 
15217174 
15220830 
15241872 
15246552 
15275178 
15278596 
15280245 
15289642 
15318058 
15332289 
15345808 
15357681 
15388366 
15454878 
15468225 
15475264 
15499719 
15507791 
15535722 
15570731 
15574098 
15580280 
15591326 
15651440 
15651489 
15655830 
15658741 
15678593 
15694111 
15715449 
15771869 
15773757 
15782188 
15785919 
15804900 
15822395 
15887693 
15903715 
15904812 
15946879 
15961818 
15966466 
15984560 
16015442 
16024014 
16041747 
16080342 
16105910 
16136629 
16144678 
16194927 
16214233 
16248250 
16279774 
16281606 
16290714 
16313553 
16352344 
16371724 
16376108 
16405883 
16424757 
16445945 
16452809 
16454340 
16457016 
16484250 
16510216 
16513824 
16518652 
16563653 
16605874 
16617759 
16659469 
16696057 
16715486 
16718293 
16799352 
16808571 
16876034 
16879158 
16906115 
16906166 
16931849 
16945997 
16963423 
16983331 
16990183 
17007315 
17034714 
17036294 
17080367 
17122853 
17143761 
17163964 
17173500 
17191915 
17223051 
17232175 
17240682 
17253342 
17290417 
17295695 
17309743 
17311291 
17322515 
17329415 
17330668 
17344413 
17348361 
17442181 
17459468 
17462809 
17516278 
17539819 
17548543 
17582616 
17595471 
17609269 
17623227 
17634233 
17663323 
17689303 
17713026 
17713026 
17721829 
17754978 
17758936 
17799997 
17836101 
17924683 
17992416 
17995576 
17996781 
17998036 
18007478 
18041751 
18051463 
18060110 
18097587 
18104215 
18156857 
18169489 
18169739 
18178486 
18181652 
18192060 
18200481 
18219934 
18245664 
18247205 
18251024 
18256415 
18259417 
18262693 
18278170 
18324350 
18354760 
18437281 
18538260 
18586059 
18626239 
18627121 
18631681 
18634067 
18716248 
18743661 
18760126 
18795059 
18795506 
18824263 
18825012 
18860788 
18879011 
18884117 
18890386 
18935610 
18943107 
18994282 
19003132 
19010942 
19049210 
19087175 
19099181 
19134499 
19141246 
19153229 
19194161 
19202120 
19240056 
19246747 
19253409 
19255204 
19278826 
19294260 
19296690 
19311653 
19340330 
19340330 
19343993 
19370579 
19392782 
19423964 
19476508 
19512293 
19522549 
19540414 
19543397 
19559263 
19567436 
19610134 
19656845 
19689579 
19749047 
19773089 
19836123 
19849392 
19891458 
19928235 
19966229 
19975578 
20013213 
20034367 
20045353 
20057243 
20087795 
20100424 
20186320 
20212939 
20213828 
20222677 
20225187 
20235994 
20261634 
20295485 
20321440 
20360536 
20362542 
20387760 
20392341 
20398540 
20398570 
20448760 
20458056 
20483772 
20486349 
20493436 
20514524 
20550116 
20583558 
20613796 
20618199 
20620543 
20623346 
20639847 
20667824 
20699888 
20786880 
20795625 
20858743 
20908048 
20912866 
20920119 
20990002 
21015385 
21022023 
21039719 
21054416 
21057712 
21109074 
21148072 
21160299 
21186091 
21187595 
21255769 
21259423 
21316490 
21318496 
21380308 
21407033 
21409043 
21427146 
21456551 
21486516 
21504558 
21516967 
21539758 
21553801 
21560638 
21563323 
21597505 
21601734 
21613913 
21640259 
21653224 
21661587 
21673032 
21679494 
21689743 
21701817 
21706220 
21712209 
21714761 
21737974 
21752720 
21754275 
21764695 
21788333 
21801153 
21810981 
21812714 
21828632 
21845860 
21848758 
21882461 
21919452 
21923651 
21931096 
21947530 
21974263 
21978151 
21986812 
21992818 
22024120 
22024355 
22024743 
22072175 
22105975 
22128033 
22132872 
22209294 
22262134 
22282626 
22321310 
22332130 
22334766 
22357394 
22376470 
22386455 
22386601 
22411137 
22425052 
22465841 
22477247 
22505183 
22518752 
22536965 
22550064 
22621973 
22655161 
22683989 
22702057 
22703943 
22708783 
22723791 
22770507 
22812669 
22834528 
22838043 
22914160 
22916776 
22932190 
22998343 
23048947 
23058362 
23060804 
23144209 
23148324 
23170687 
23172294 
23174115 
23187092 
23203208 
23203560 
23209298 
23211931 
23212641 
23213156 
23230178 
23266646 
23346395 
23350155 
23351450 
23443759 
23516670 
23574166 
23644570 
23670132 
23711142 
23748994 
23756015 
23792549 
23843684 
23859740 
23873362 
23890961 
23897550 
23909464 
23955555 
23981495 
24001557 
24036456 
24058211 
24081824 
24098690 
24160925 
24173884 
24175000 
24178937 
24186470 
24260033 
24273681 
24293773 
24315616 
24331920 
24348088 
24422376 
24449011 
24488845 
24494507 
24497783 
24506382 
24506763 
24541460 
24545241 
24564072 
24564259 
24577421 
24615461 
24627557 
24650631 
24678532 
24683988 
24720511 
24764724 
24826197 
24840093 
24851463 
24872757 
24888781 
24895731 
24908591 
24925994 
24942691 
24970835 
24992971 
24994586 
25000546 
25027144 
25040193 
25046619 
25049006 
25093788 
25152881 
25153192 
25249968 
25260847 
25265486 
25266544 
25301559 
25321664 
25334183 
25341718 
25360299 
25369216 
25402395 
25491621 
25497705 
25526045 
25526045 
25591769 
25600985 
25633441 
25637766 
25660966 
25693131 
25730872 
25752806 
25778004 
25781393 
25827593 
25847728 
25870089 
25907411 
25911818 
25962949 
25964244 
26043134 
26050716 
26054007 
26061831 
26135093 
26146089 
26173706 
26194369 
26208872 
26251243 
26254561 
26350291 
26363684 
26386425 
26461506 
26471615 
26519459 
26521705 
26601759 
26618159 
26692426 
26717153 
26776223 
26804027 
26866746 
26878031 
26882219 
26883869 
26888352 
26904637 
27004815 
27013227 
27023799 
27072205 
27078487 
27099295 
27304348 
27325005 
27342749 
27363426 
27388630 
27395546 
27436424 
27438197 
27463940 
27499467 
27511973 
27578285 
27585509 
27611527 
27630433 
27636103 
27647352 
27666525 
27732095 
27766862 
27768369 
27779681 
27795073 
27891723 
28033235 
28063947 
28130951 
28151643 
28163871 
28178938 
28232526 
28258285 
28293527 
28309520 
28334926 
28340561 
28343323 
28398347 
28399362 
28452861 
28469510 
28493684 
28504533 
28538731 
28628789 
28662154 
28666033 
28856560 
28868113 
28895376 
28901440 
28940437 
28948664 
28964953 
28975115 
29031464 
29034229 
29039615 
29039830 
29054783 
29059912 
29065236 
29067396 
29075275 
29125931 
29152013 
29178348 
29200427 
29202637 
29393881 
29399470 
29435764 
29461846 
29517926 
29536856 
29604443 
29624754 
29629582 
29753061 
29842358 
29876175 
29877772 
29924641 
29936492 
29998238 
30029490 
30058367 
30082990 
30084377 
30101911 
30137823 
30238592 
30249394 
30276380 
30283030 
30327421 
30373489 
30373489 
30383903 
30401639 
30409555 
30416516 
30428570 
30448453 
30485434 
30490550 
30504322 
30506857 
30541784 
30548469 
30566229 
30577375 
30603233 
30609804 
30622249 
30647023 
30685767 
30700089 
30759392 
30881353 
30909870 
30933048 
30961293 
30966342 
31017532 
31111834 
31170863 
31190399 
31304791 
31340924 
31354749 
31360001 
31368439 
31372699 
31375784 
31453162 
31542268 
31546174 
31585037 
31585965 
31596878 
31623227 
31638354 
31643298 
31706246 
31709162 
31782015 
31847742 
31918982 
31946816 
31959156 
31985515 
32077800 
32081556 
32106120 
32119332 
32142326 
32152323 
32184925 
32188312 
32238485 
32240520 
32285553 
32290530 
32296471 
32320419 
32320556 
32348735 
32380317 
32390083 
32400241 
32418822 
32438251 
32438400 
32454576 
32456928 
32466315 
32523472 
32529900 
32555779 
32603567 
32662641 
32667661 
32748659 
32800653 
32802553 
32813454 
32873578 
32953069 
32957364 
32960673 
32997709 
33012366 
33057988 
33071139 
33089660 
33180492 
33197376 
33199447 
33211548 
33254143 
33298362 
33304386 
33353422 
33379367 
33415567 
33494387 
33550594 
33578690 
33582205 
33634758 
33671968 
33681439 
33689542 
33724497 
33728341 
33748068 
33748068 
33783235 
33813912 
33820816 
33830957 
33850063 
33883979 
33903872 
33904869 
33909594 
33929474 
33930207 
33939786 
33959437 
33990287 
33999519 
34050361 
34068065 
34085739 
34133563 
34169691 
34175256 
34188079 
34225905 
34359816 
34382876 
34387275 
34409357 
34433655 
34435449 
34455732 
34467239 
34548097 
34551660 
34681028 
34698943 
34731948 
34789130 
34797184 
34801373 
34855686 
34887397 
34893251 
34898991 
35043438 
35075443 
35089587 
35150520 
35151094 
35203968 
35213368 
35272289 
35343182 
35350968 
35395746 
35397463 
35406999 
35414248 
35450700 
35467992 
35503126 
35512448 
35523375 
35772441 
35783637 
35796675 
35893001 
35926149 
35939044 
35966886 
36011251 
36070863 
36083800 
36114672 
36142046 
36157138 
36157542 
36217947 
36219504 
36233284 
36263885 
36324967 
36342383 
36414702 
36499631 
36526322 
36551604 
36558684 
36565065 
36570089 
36583882 
36588108 
36618999 
36644088 
36666549 
36683468 
36735844 
36751966 
36942413 
36964518 
37032778 
37058578 
37109170 
37144262 
37197545 
37211312 
37300515 
37389402 
37414190 
37414221 
37416012 
37506048 
37541082 
37549268 
37608934 
37615625 
37642394 
37694802 
37761003 
37833685 
37853577 
37881273 
37887212 
37902863 
37914630 
37925608 
37966850 
38040949 
38189791 
38215447 
38234813 
38249428 
38261748 
38264928 
38486086 
38488459 
38489382 
38519043 
38576270 
38601745 
38673748 
38760131 
38798467 
38865884 
38865945 
38870850 
38878814 
38978788 
38981533 
38993213 
38995763 
39053108 
39096439 
39171323 
39194846 
39233314 
39234526 
39248893 
39298243 
39328677 
39329808 
39350151 
39387422 
39394554 
39421159 
39447646 
39464950 
39486991 
39516557 
39556575 
39605288 
39670231 
39686112 
39707907 
39730654 
39799250 
39828915 
39881693 
39899707 
39946087 
40012383 
40070335 
40079976 
40186951 
40258214 
40350554 
40364876 
40393451 
40400414 
40496434 
40510746 
40513392 
40524470 
40541477 
40559950 
40560070 
40570364 
40571209 
40586322 
40588862 
40662076 
40671477 
40799449 
40840349 
40868108 
40911848 
40928864 
40950299 
40956614 
40978949 
41023967 
41030502 
41089804 
41190082 
41217122 
41233456 
41240669 
41241429 
41255790 
41359035 
41386735 
41395991 
41430488 
41471834 
41488113 
41515057 
41515423 
41532257 
41551711 
41572497 
41689089 
41734963 
41760692 
41788869 
41793442 
41942059 
41954233 
42026438 
42086290 
42089223 
42202870 
42213776 
42219305 
42221968 
42226147 
42242072 
42246228 
42305593 
42327357 
42334041 
42384859 
42390959 
42431708 
42433270 
42439665 
42453477 
42494368 
42520885 
42590843 
42691103 
42759443 
42767826 
42983188 
43031727 
43071389 
43072276 
43081362 
43091538 
43094714 
43129934 
43173663 
43223284 
43253505 
43278303 
43293683 
43349903 
43397642 
43427932 
43481403 
43532838 
43542542 
43573912 
43581455 
43653437 
43755721 
43765387 
43783041 
43842328 
43884289 
43926589 
43959120 
43974820 
43980930 
44065036 
44073234 
44107184 
44190021 
44340438 
44384429 
44388999 
44403617 
44463685 
44475525 
44523481 
44532883 
44609556 
44683666 
44686234 
44692999 
44717007 
44757015 
44823516 
44830398 
44852011 
44866466 
44884127 
44954460 
44976150 
44983422 
45015006 
45022482 
45062274 
45069754 
45076157 
45114192 
45136784 
45166561 
45177275 
45190078 
45197264 
45203948 
45244238 
45254996 
45263931 
45305262 
45347834 
45357097 
45447150 
45538338 
45549303 
45582430 
45627792 
45633724 
45639563 
45640817 
45710323 
45743284 
45754659 
45845784 
45885228 
45921538 
45958508 
45978806 
46042179 
46081414 
46164863 
46191613 
46216640 
46218251 
46249848 
46270208 
46290633 
46300905 
46309017 
46394604 
46465450 
46489730 
46512150 
46516357 
46534371 
46566001 
46610261 
46651889 
46661286 
46757176 
46815455 
46888133 
46944386 
46989771 
47016695 
47050285 
47070959 
47123527 
47313237 
47382608 
47385091 
47414027 
47420944 
47429201 
47454784 
47482002 
47489215 
47492766 
47494894 
47565569 
47573689 
47603764 
47615463 
47634709 
47723973 
47747882 
47756825 
47789078 
47866185 
47868395 
47894798 
47898235 
47918251 
47937979 
47938472 
47988785 
48073481 
48097969 
48111508 
48152033 
48173046 
48177834 
48239171 
48292797 
48303874 
48312269 
48357709 
48375423 
48416013 
48502168 
48513163 
48545602 
48581377 
48704490 
48731178 
48758773 
48827794 
48856991 
48864527 
48944642 
48949885 
48956765 
48968320 
49066122 
49157510 
49336330 
49365702 
49383555 
49397185 
49410262 
49414657 
49419931 
49420143 
49458071 
49482862 
49491691 
49507725 
49520004 
49561890 
49614115 
49632534 
49684845 
49733178 
49742767 
49783363 
49812883 
49819748 
49826053 
49842698 
49879499 
49897612 
49926948 
49930816 
49971464 
50042904 
50064736 
50070743 
50074396 
50098076 
50155144 
50162366 
50168627 
50196580 
50213685 
50246519 
50249266 
50342376 
50370584 
50443627 
50462865 
50478950 
50528429 
50598248 
50668574 
50778927 
50781149 
50813824 
50843735 
50966105 
50979762 
50998475 
51001107 
51016935 
51041239 
51046274 
51140403 
51144561 
51146626 
51151976 
51155870 
51184339 
51186594 
51241119 
51264554 
51274128 
51316481 
51332592 
51339263 
51368937 
51492041 
51495014 
51530981 
51566158 
51595660 
51625302 
51634922 
51666149 
51738287 
51817222 
51825364 
51833959 
51960442 
52112517 
52129855 
52172952 
52291033 
52317230 
52336474 
52422008 
52482327 
52488564 
52525408 
52565490 
52579183 
52625603 
52682886 
52735734 
52763575 
52764919 
52816130 
52871120 
53022455 
53024794 
53141255 
53254907 
53288917 
53292093 
53303448 
53365212 
53386351 
53417789 
53422015 
53457446 
53516789 
53585657 
53607724 
53650288 
53656000 
53737626 
53791414 
53793604 
53964575 
53977526 
54003036 
54099194 
54187074 
54204411 
54286374 
54410463 
54692469 
54709100 
54734332 
54803841 
55029914 
55044397 
55094230 
55145863 
55172461 
55231799 
55258592 
55320602 
55573821 
55610727 
55656528 
55689303 
55767310 
55780618 
55808223 
55847949 
55948186 
55969216 
56059954 
56143878 
56232447 
56278678 
56349642 
56571723 
56631623 
56719093 
56750682 
56803098 
56831804 
56837961 
56914665 
56932421 
57008281 
57154726 
57255426 
57288509 
57299823 
57344067 
57347182 
57369962 
57426360 
57449758 
57490245 
57497729 
57512825 
57563987 
57656029 
57691828 
57697048 
57725880 
57920743 
57945233 
57986693 
57994602 
58024396 
58046430 
58086830 
58112656 
58223176 
58223675 
58310767 
58466873 
58506897 
58554316 
58565322 
58579801 
58591990 
58798868 
58799521 
58947766 
58978141 
59014031 
59068089 
59081220 
59160578 
59168932 
59185835 
59319713 
59398171 
59436710 
59479622 
59504668 
59508872 
59713650 
59727368 
59792437 
59820489 
59864646 
59867618 
59900555 
59966514 
60210671 
60254344 
60380931 
60415197 
60486440 
60519290 
60570454 
60697023 
60743004 
60769808 
60801852 
60843317 
60865634 
60901818 
60920463 
61158201 
61214872 
61417150 
61507496 
61516876 
61529355 
61657641 
61711172 
61800099 
61802208 
61813236 
61881862 
61938667 
62078191 
62082374 
62162843 
62163322 
62241862 
62285682 
62315696 
62319786 
62332151 
62359493 
62473704 
62585298 
62632540 
62639253 
62652265 
62700052 
62765559 
62995484 
63001452 
63002453 
63031705 
63083632 
63174267 
63192289 
63247297 
63254809 
63291966 
63310643 
63313506 
63360543 
63396980 
63505505 
63645753 
63710650 
63727342 
63794715 
63797608 
63818961 
63867306 
63931629 
63940356 
63982467 
64000862 
64085304 
64143618 
64305319 
64384956 
64408737 
64467463 
64498087 
64501614 
64525428 
64837238 
65267080 
65409560 
65450837 
65686307 
65713041 
65752027 
65827096 
65845776 
65890926 
65924140 
66044311 
66170721 
66206996 
66298378 
66408665 
66474593 
66538489 
66655729 
66718297 
66804758 
66820026 
67139797 
67377399 
67746272 
67830660 
67939843 
68102355 
68270571 
68424247 
68563613 
68575148 
68737199 
68787716 
68828306 
68969646 
69087398 
69153700 
69157733 
69192082 
69296989 
69624386 
69689585 
69739770 
69791257 
69826919 
70258791 
70342141 
70386003 
70633541 
70854017 
71030525 
71137678 
71226066 
71357065 
71644567 
71711236 
71711427 
71901508 
72038021 
72302995 
72350626 
72352399 
72544988 
72661467 
72736976 
72947767 
73147469 
73193355 
73274380 
73276462 
73344387 
73396762 
73487547 
73930373 
74125514 
74230949 
74322414 
74383043 
74564967 
74581022 
74649788 
74738449 
74894150 
74905968 
75119788 
75129608 
75161765 
75717888 
76118827 
76161915 
76231891 
76259845 
76400114 
76406544 
76441225 
76624579 
76627795 
76729705 
76781474 
76886179 
77115559 
77945234 
78072248 
78180837 
78181448 
78324906 
78498057 
78516909 
78920741 
79112428 
79258113 
79666096 
80356704 
80417918 
80478240 
80613892 
80749622 
80751410 
81305323 
81359538 
81614968 
82045247 
82063093 
82157376 
82190596 
82292430 
82424645 
82664079 
82668313 
82693219 
82801248 
82954306 
82978148 
83084099 
83766051 
84087173 
84305914 
84346487 
84601704 
84622753 
85294420 
85407046 
85534717 
85678755 
85722213 
85820234 
85976003 
86190929 
86275367 
86700188 
86882707 
87301478 
87359430 
87541296 
88012919 
88020237 
88168828 
88721186 
88752527 
88854476 
89008918 
89074217 
89408493 
89762519 
90121950 
90716703 
90754675 
90838143 
90967376 
90994428 
91010981 
91204826 
91307201 
91349624 
91552871 
91567517 
91804457 
92061244 
92231248 
92558010 
92700479 
93789769 
93982584 
94100403 
94655129 
94756023 
94816554 
94839655 
95253196 
96319841 
97689465 
97714440 
98177948 
98355296 
98392125 
98526042 
99346745 
99417894 
99435251 
99753769 
99758754 
99992644 
100011804 
100261470 
100899247 
101637552 
102309957 
102726524 
104609923 
105411389 
105545695 
111292253 
113994224 
